0,94,86,94,8,65,28,12
94,0,31,58,22,19,13,79
86,31,0,22,90,82,11,55
94,58,22,0,74,26,45,70
8,22,90,74,0,8,26,65
65,19,82,26,8,0,13,7
28,13,11,45,26,13,0,17
12,79,55,70,65,7,17,0
